$ 1 0.0000049999999999999996 11.086722712598126 50 5 43
165 416 176 480 176 6 4.999999950000001
R 480 96 480 64 0 0 40 5 0 0 0.5
w 480 96 480 144 0
w 480 144 560 144 0
w 560 144 560 208 0
w 560 208 544 208 0
w 480 336 480 352 0
w 480 352 560 352 0
g 512 336 512 368 0
r 560 352 560 288 0 510
w 560 288 560 208 0
c 208 304 208 352 0 0.000001 0.49738691195649964
g 208 352 208 368 0
r 368 320 368 240 0 10000
w 416 208 400 208 0
w 400 208 400 304 0
w 400 304 416 304 0
w 208 304 256 304 0
w 256 304 400 304 0
t 176 192 208 192 0 -1 3.9106099584544416 -0.5920031295890587 100
r 176 192 128 192 0 47000
w 208 176 208 144 0
172 48 320 16 320 0 7 1.7819999999999998 3.3 0 0 0.5 Voltage
w 304 144 368 144 0
w 368 144 480 144 0
w 416 272 416 240 0
w 416 240 368 240 0
w 304 144 256 144 0
w 256 144 208 144 0
r 368 240 256 240 0 100000
r 368 144 368 240 0 10000
g 368 320 368 336 0
w 256 240 256 304 0
w 208 208 208 304 0
t 96 320 128 320 0 1 -3.4026121263265026 0.5958280112844501 100
r 96 320 48 320 0 47000
r 128 192 128 96 0 1000
w 208 144 208 96 0
w 208 96 128 96 0
g 128 336 128 352 0
w 128 304 128 192 2
174 32 96 32 160 1 10000 0.9356000000000001 Resistance
g 32 160 32 176 0
w 128 96 32 96 0
r 32 208 32 256 0 1000
g 32 256 32 272 0
r 48 128 96 128 0 100000
r 32 208 96 208 0 47000
w 96 128 96 208 0
w 96 208 96 320 0
o 18 8 0 4362 5 0.8 0 2 18 3
o 26 64 0 4099 5 0.00009765625 1 2 26 3
