$ 1 0.000125 6.450009306485578 50 5 50
R 80 320 32 320 0 3 200 10 0 0 0.5
d 192 320 192 288 2 default
d 224 288 224 320 2 default
w 192 288 224 288 0
r 224 288 288 288 0 15000
r 128 64 192 64 0 15000
w 224 64 192 64 0
d 224 64 224 96 2 default
d 192 96 192 64 2 default
r 224 96 288 96 0 15000
w 192 96 224 96 0
d 224 96 224 128 2 default
d 192 128 192 96 2 default
d 192 288 192 256 2 default
d 224 256 224 288 2 default
w 192 256 224 256 0
r 128 256 192 256 0 15000
d 192 256 192 224 2 default
d 224 224 224 256 2 default
w 192 224 224 224 0
r 224 224 288 224 0 15000
d 192 224 192 192 2 default
d 224 192 224 224 2 default
w 192 192 224 192 0
r 128 192 192 192 0 15000
d 192 192 192 160 2 default
d 224 160 224 192 2 default
w 192 160 224 160 0
r 224 160 288 160 0 15000
d 192 160 192 128 2 default
d 224 128 224 160 2 default
w 192 128 224 128 0
r 128 128 192 128 0 15000
w 192 320 224 320 0
w 288 288 288 224 0
w 288 224 288 160 0
w 288 160 288 96 0
w 128 256 128 192 0
w 128 192 128 128 0
w 128 128 128 64 0
a 400 64 480 64 8 15 -15 1000000 5.175401308399545e-8 0 100000
g 400 80 400 112 0
r 400 0 480 0 0 5600
r 480 64 544 64 0 5600
w 400 0 400 48 0
w 480 0 480 64 0
r 400 48 336 48 0 50000
w 224 320 336 320 0
w 336 320 336 48 0
w 400 0 128 0 0
w 128 0 128 64 0
w 288 160 544 160 0
w 544 160 544 64 0
174 80 320 80 384 1 1000 0.9752000000000001 Resistance
g 80 384 80 400 0
w 96 352 192 352 0
w 192 352 192 320 0
211 544 160 608 160 0 5 8000 1
o 52 2 0 4098 0.01953125 0.0015625 0 2 52 3
